-8.500168541 0.0 3
-9.264100563500211 2.3511410091698925 3
-11.264100563500211 3.804226065180614 3
-13.73623651849979 3.8042260651806146 3
-15.73623651849979 2.351141009169893 3
-16.500168541 4.898587196589413e-16 3
-15.73623651849979 -2.351141009169892 3
-13.73623651849979 -3.804226065180614 3
-11.264100563500211 -3.8042260651806146 3
-9.264100563500211 -2.3511410091698934 3
16.500168541 0.0 3
15.73623651849979 2.3511410091698925 3
13.73623651849979 3.804226065180614 3
11.264100563500211 3.8042260651806146 3
9.264100563500211 2.351141009169893 3
8.500168541 4.898587196589413e-16 3
9.264100563500211 -2.351141009169892 3
11.264100563500211 -3.804226065180614 3
13.73623651849979 -3.8042260651806146 3
15.73623651849979 -2.3511410091698934 3
-11.600168541 0.0 2
-11.772053246062548 0.5290067270632258 2
-12.222053246062549 0.8559508646656382 2
-12.778283835937453 0.8559508646656383 2
-13.228283835937454 0.5290067270632259 2
-13.400168541000001 1.1021821192326179e-16 2
-13.228283835937454 -0.5290067270632257 2
-12.778283835937454 -0.8559508646656382 2
-12.222053246062549 -0.8559508646656383 2
-11.772053246062548 -0.529006727063226 2
13.400168541000001 0.0 2
13.228283835937454 0.5290067270632258 2
12.778283835937453 0.8559508646656382 2
12.222053246062549 0.8559508646656383 2
11.772053246062548 0.5290067270632259 2
11.600168541 1.1021821192326179e-16 2
11.772053246062548 -0.5290067270632257 2
12.222053246062547 -0.8559508646656382 2
12.778283835937453 -0.8559508646656383 2
13.228283835937454 -0.529006727063226 2
