63 24192 291633.072200 
1.020532e+01 9.225031e+00 3.741781e+00 
8.159987e+00 9.836498e+00 3.670152e+00 
6.157159e+00 9.409831e+00 3.604402e+00 
5.004799e+00 7.734725e+00 3.473019e+00 
4.932861e+00 5.748726e+00 3.493607e+00 
5.903257e+00 3.905286e+00 3.736195e+00 
7.819859e+00 3.342369e+00 3.514316e+00 
9.741426e+00 3.469371e+00 3.634761e+00 
1.119058e+01 5.218685e+00 3.522715e+00 
1.137424e+01 7.364377e+00 3.617017e+00 
-5.905012e+00 -3.910793e+00 3.736450e+00 
-7.810717e+00 -3.360052e+00 3.496492e+00 
-9.750596e+00 -3.484775e+00 3.643660e+00 
-1.120658e+01 -5.243900e+00 3.534661e+00 
-1.137286e+01 -7.357484e+00 3.593895e+00 
-1.019457e+01 -9.164024e+00 3.692873e+00 
-8.181867e+00 -9.793937e+00 3.629017e+00 
-6.157300e+00 -9.390706e+00 3.576700e+00 
-4.988824e+00 -7.722888e+00 3.462197e+00 
-4.984167e+00 -5.793810e+00 3.458224e+00 
8.872184e+00 7.171072e+00 1.261264e+00 
8.237045e+00 7.372957e+00 1.228480e+00 
7.640133e+00 7.278230e+00 1.262127e+00 
7.292945e+00 6.803553e+00 1.194255e+00 
7.248426e+00 6.203825e+00 1.167076e+00 
7.495773e+00 5.653646e+00 1.198084e+00 
8.159401e+00 5.456150e+00 1.088289e+00 
8.776193e+00 5.476197e+00 1.173159e+00 
9.157441e+00 5.953311e+00 1.159002e+00 
9.191137e+00 6.581275e+00 1.199078e+00 
-7.498914e+00 -5.656007e+00 1.186714e+00 
-8.158976e+00 -5.459100e+00 1.097790e+00 
-8.782961e+00 -5.482894e+00 1.183625e+00 
-9.151247e+00 -5.961047e+00 1.154877e+00 
-9.192409e+00 -6.588176e+00 1.195993e+00 
-8.866069e+00 -7.182549e+00 1.261161e+00 
-8.242045e+00 -7.396252e+00 1.237318e+00 
-7.647978e+00 -7.288693e+00 1.266666e+00 
-7.291670e+00 -6.807858e+00 1.197404e+00 
-7.251535e+00 -6.209715e+00 1.163195e+00 
