-9.72852994346614 1.1480502970952693 1
-11.352118243904732 2.77163859753386 1
-13.64821883809527 2.77163859753386 1
-15.27180713853386 1.1480502970952697 1
-15.27180713853386 -1.148050297095269 1
-13.648218838095271 -2.7716385975338595 1
-11.35211824390473 -2.77163859753386 1
-9.72852994346614 -1.148050297095271 1
15.27180713853386 1.1480502970952693 1
13.64821883809527 2.77163859753386 1
11.352118243904732 2.77163859753386 1
9.72852994346614 1.1480502970952697 1
9.72852994346614 -1.148050297095269 1
11.35211824390473 -2.7716385975338595 1
13.648218838095271 -2.77163859753386 1
15.27180713853386 -1.148050297095271 1
-11.94584082149323 0.22961005941905385 2
-12.270558481580947 0.5543277195067721 2
-12.729778600419055 0.5543277195067721 2
-13.054496260506772 0.22961005941905394 2
-13.054496260506772 -0.2296100594190538 2
-12.729778600419055 -0.5543277195067718 2
-12.270558481580947 -0.554327719506772 2
-11.94584082149323 -0.2296100594190542 2
13.054496260506772 0.22961005941905385 2
12.729778600419055 0.5543277195067721 2
12.270558481580947 0.5543277195067721 2
11.94584082149323 0.22961005941905394 2
11.94584082149323 -0.2296100594190538 2
12.270558481580947 -0.5543277195067718 2
12.729778600419055 -0.554327719506772 2
13.054496260506772 -0.2296100594190542 2
-11.2067371954842 0.5357568053111257 2
-11.964411735688875 1.2934313455158013 2
-13.035925346311126 1.2934313455158013 2
-13.793599886515802 0.5357568053111258 2
-13.793599886515802 -0.5357568053111255 2
-13.035925346311128 -1.293431345515801 2
-11.964411735688875 -1.2934313455158013 2
-11.2067371954842 -0.5357568053111265 2
13.793599886515802 0.5357568053111257 2
13.035925346311126 1.2934313455158013 2
11.964411735688875 1.2934313455158013 2
11.2067371954842 0.5357568053111258 2
11.2067371954842 -0.5357568053111255 2
11.964411735688874 -1.293431345515801 2
13.035925346311126 -1.2934313455158013 2
13.793599886515802 -0.5357568053111265 2
