-8.500168541 0.0 3
-8.500168541 0.0 -3
-8.531709735742089 0.501332934257217 3
-8.531709735742089 0.501332934257217 -3
-8.625835896485476 0.9947595486594192 3
-8.625835896485476 0.9947595486594192 -3
-8.781062597446995 1.472498210738712 3
-8.781062597446995 1.472498210738712 -3
-8.994941820824547 1.9270146964068613 3
-8.994941820824547 1.9270146964068613 -3
-9.264100563500211 2.3511410091698925 3
-9.264100563500211 2.3511410091698925 -3
-9.584294031314354 2.738188423714755 3
-9.584294031314354 2.738188423714755 -3
-9.950472582005242 3.082052971103157 3
-9.950472582005242 3.082052971103157 -3
-10.356861361084015 3.3773117020080603 3
-10.356861361084015 3.3773117020080603 -3
-10.79705137473971 3.6193082098640783 3
-10.79705137473971 3.6193082098640783 -3
-11.264100563500211 3.804226065180614 3
-11.264100563500211 3.804226065180614 -3
-11.750643282657103 3.929149002914755 3
-11.750643282657103 3.929149002914755 -3
-12.249006462882747 3.9921069137130862 3
-12.249006462882747 3.9921069137130862 -3
-12.751330619117255 3.9921069137130862 3
-12.751330619117255 3.9921069137130862 -3
-13.2496937993429 3.9291490029147544 3
-13.2496937993429 3.9291490029147544 -3
-13.73623651849979 3.804226065180614 3
-13.73623651849979 3.804226065180614 -3
-14.203285707260292 3.619308209864078 3
-14.203285707260292 3.619308209864078 -3
-14.643475720915989 3.37731170200806 3
-14.643475720915989 3.37731170200806 -3
-15.04986449999476 3.082052971103157 3
-15.04986449999476 3.082052971103157 -3
-15.416043050685648 2.738188423714754 3
-15.416043050685648 2.738188423714754 -3
-15.73623651849979 2.351141009169893 3
-15.73623651849979 2.351141009169893 -3
-16.005395261175455 1.9270146964068608 3
-16.005395261175455 1.9270146964068608 -3
-16.219274484553008 1.472498210738711 3
-16.219274484553008 1.472498210738711 -3
-16.374501185514525 0.9947595486594193 3
-16.374501185514525 0.9947595486594193 -3
-16.46862734625791 0.5013329342572164 3
-16.46862734625791 0.5013329342572164 -3
-16.500168541 -1.2864981197413093e-15 3
-16.500168541 -1.2864981197413093e-15 -3
-16.46862734625791 -0.5013329342572171 3
-16.46862734625791 -0.5013329342572171 -3
-16.374501185514525 -0.9947595486594201 3
-16.374501185514525 -0.9947595486594201 -3
-16.219274484553004 -1.4724982107387132 3
-16.219274484553004 -1.4724982107387132 -3
-16.005395261175455 -1.9270146964068615 3
-16.005395261175455 -1.9270146964068615 -3
-15.73623651849979 -2.3511410091698934 3
-15.73623651849979 -2.3511410091698934 -3
-15.416043050685648 -2.738188423714755 3
-15.416043050685648 -2.738188423714755 -3
-15.049864499994758 -3.0820529711031575 3
-15.049864499994758 -3.0820529711031575 -3
-14.643475720915987 -3.377311702008061 3
-14.643475720915987 -3.377311702008061 -3
-14.203285707260289 -3.619308209864079 3
-14.203285707260289 -3.619308209864079 -3
-13.73623651849979 -3.804226065180614 3
-13.73623651849979 -3.804226065180614 -3
-13.2496937993429 -3.929149002914755 3
-13.2496937993429 -3.929149002914755 -3
-12.751330619117253 -3.9921069137130862 3
-12.751330619117253 -3.9921069137130862 -3
-12.249006462882745 -3.9921069137130862 3
-12.249006462882745 -3.9921069137130862 -3
-11.7506432826571 -3.9291490029147544 3
-11.7506432826571 -3.9291490029147544 -3
-11.264100563500211 -3.8042260651806146 3
-11.264100563500211 -3.8042260651806146 -3
-10.797051374739711 -3.6193082098640783 3
-10.797051374739711 -3.6193082098640783 -3
-10.356861361084015 -3.37731170200806 3
-10.356861361084015 -3.37731170200806 -3
-9.95047258200524 -3.082052971103156 3
-9.95047258200524 -3.082052971103156 -3
-9.584294031314354 -2.738188423714753 3
-9.584294031314354 -2.738188423714753 -3
-9.26410056350021 -2.3511410091698903 3
-9.26410056350021 -2.3511410091698903 -3
-8.994941820824547 -1.9270146964068613 3
-8.994941820824547 -1.9270146964068613 -3
-8.781062597446995 -1.4724982107387115 3
-8.781062597446995 -1.4724982107387115 -3
-8.625835896485476 -0.994759548659418 3
-8.625835896485476 -0.994759548659418 -3
-8.531709735742089 -0.5013329342572151 3
-8.531709735742089 -0.5013329342572151 -3
16.500168541 0.0 3
16.500168541 0.0 -3
16.46862734625791 0.501332934257217 3
16.46862734625791 0.501332934257217 -3
16.374501185514525 0.9947595486594192 3
16.374501185514525 0.9947595486594192 -3
16.219274484553004 1.472498210738712 3
16.219274484553004 1.472498210738712 -3
16.005395261175455 1.9270146964068613 3
16.005395261175455 1.9270146964068613 -3
15.73623651849979 2.3511410091698925 3
15.73623651849979 2.3511410091698925 -3
15.416043050685648 2.738188423714755 3
15.416043050685648 2.738188423714755 -3
15.04986449999476 3.082052971103157 3
15.04986449999476 3.082052971103157 -3
14.643475720915987 3.3773117020080603 3
14.643475720915987 3.3773117020080603 -3
14.203285707260292 3.6193082098640783 3
14.203285707260292 3.6193082098640783 -3
13.73623651849979 3.804226065180614 3
13.73623651849979 3.804226065180614 -3
13.249693799342898 3.929149002914755 3
13.249693799342898 3.929149002914755 -3
12.751330619117255 3.9921069137130862 3
12.751330619117255 3.9921069137130862 -3
12.249006462882747 3.9921069137130862 3
12.249006462882747 3.9921069137130862 -3
11.750643282657101 3.9291490029147544 3
11.750643282657101 3.9291490029147544 -3
11.264100563500211 3.804226065180614 3
11.264100563500211 3.804226065180614 -3
10.79705137473971 3.619308209864078 3
10.79705137473971 3.619308209864078 -3
10.356861361084013 3.37731170200806 3
10.356861361084013 3.37731170200806 -3
9.950472582005242 3.082052971103157 3
9.950472582005242 3.082052971103157 -3
9.584294031314354 2.738188423714754 3
9.584294031314354 2.738188423714754 -3
9.264100563500211 2.351141009169893 3
9.264100563500211 2.351141009169893 -3
8.994941820824547 1.9270146964068608 3
8.994941820824547 1.9270146964068608 -3
8.781062597446995 1.472498210738711 3
8.781062597446995 1.472498210738711 -3
8.625835896485476 0.9947595486594193 3
8.625835896485476 0.9947595486594193 -3
8.531709735742089 0.5013329342572164 3
8.531709735742089 0.5013329342572164 -3
8.500168541 -1.2864981197413093e-15 3
8.500168541 -1.2864981197413093e-15 -3
8.531709735742089 -0.5013329342572171 3
8.531709735742089 -0.5013329342572171 -3
8.625835896485476 -0.9947595486594201 3
8.625835896485476 -0.9947595486594201 -3
8.781062597446995 -1.4724982107387132 3
8.781062597446995 -1.4724982107387132 -3
8.994941820824547 -1.9270146964068615 3
8.994941820824547 -1.9270146964068615 -3
9.264100563500211 -2.3511410091698934 3
9.264100563500211 -2.3511410091698934 -3
9.584294031314354 -2.738188423714755 3
9.584294031314354 -2.738188423714755 -3
9.950472582005244 -3.0820529711031575 3
9.950472582005244 -3.0820529711031575 -3
10.356861361084015 -3.377311702008061 3
10.356861361084015 -3.377311702008061 -3
10.797051374739713 -3.619308209864079 3
10.797051374739713 -3.619308209864079 -3
11.264100563500211 -3.804226065180614 3
11.264100563500211 -3.804226065180614 -3
11.750643282657101 -3.929149002914755 3
11.750643282657101 -3.929149002914755 -3
12.249006462882749 -3.9921069137130862 3
12.249006462882749 -3.9921069137130862 -3
12.751330619117256 -3.9921069137130862 3
12.751330619117256 -3.9921069137130862 -3
13.249693799342902 -3.9291490029147544 3
13.249693799342902 -3.9291490029147544 -3
13.73623651849979 -3.8042260651806146 3
13.73623651849979 -3.8042260651806146 -3
14.20328570726029 -3.6193082098640783 3
14.20328570726029 -3.6193082098640783 -3
14.643475720915987 -3.37731170200806 3
14.643475720915987 -3.37731170200806 -3
15.049864499994762 -3.082052971103156 3
15.049864499994762 -3.082052971103156 -3
15.416043050685648 -2.738188423714753 3
15.416043050685648 -2.738188423714753 -3
15.736236518499792 -2.3511410091698903 3
15.736236518499792 -2.3511410091698903 -3
16.005395261175455 -1.9270146964068613 3
16.005395261175455 -1.9270146964068613 -3
16.219274484553008 -1.4724982107387115 3
16.219274484553008 -1.4724982107387115 -3
16.374501185514525 -0.994759548659418 3
16.374501185514525 -0.994759548659418 -3
16.46862734625791 -0.5013329342572151 3
16.46862734625791 -0.5013329342572151 -3
-11.600168541 0.0 2
-11.600168541 0.0 -2
-11.60726530981697 0.11279991020787383 2
-11.60726530981697 0.11279991020787383 -2
-11.628443695984233 0.22382089844836933 2
-11.628443695984233 0.22382089844836933 -2
-11.663369703700575 0.3313120974162102 2
-11.663369703700575 0.3313120974162102 -2
-11.711492528960523 0.4335783066915438 2
-11.711492528960523 0.4335783066915438 -2
-11.772053246062548 0.5290067270632258 2
-11.772053246062548 0.5290067270632258 -2
-11.84409677632073 0.6160923953358198 2
-11.84409677632073 0.6160923953358198 -2
-11.926486950226181 0.6934619184982104 2
-11.926486950226181 0.6934619184982104 -2
-12.017924425518904 0.7598951329518135 2
-12.017924425518904 0.7598951329518135 -2
-12.116967178591436 0.8143443472194176 2
-12.116967178591436 0.8143443472194176 -2
-12.222053246062549 0.8559508646656382 2
-12.222053246062549 0.8559508646656382 -2
-12.331525357872849 0.8840585256558199 2
-12.331525357872849 0.8840585256558199 -2
-12.44365707342362 0.8982240555854444 2
-12.44365707342362 0.8982240555854444 -2
-12.556680008576382 0.8982240555854444 2
-12.556680008576382 0.8982240555854444 -2
-12.668811724127153 0.8840585256558198 2
-12.668811724127153 0.8840585256558198 -2
-12.778283835937454 0.8559508646656382 2
-12.778283835937454 0.8559508646656382 -2
-12.883369903408566 0.8143443472194175 2
-12.883369903408566 0.8143443472194175 -2
-12.982412656481097 0.7598951329518134 2
-12.982412656481097 0.7598951329518134 -2
-13.073850131773822 0.6934619184982104 2
-13.073850131773822 0.6934619184982104 -2
-13.15624030567927 0.6160923953358197 2
-13.15624030567927 0.6160923953358197 -2
-13.228283835937454 0.5290067270632259 2
-13.228283835937454 0.5290067270632259 -2
-13.288844553039478 0.4335783066915437 2
-13.288844553039478 0.4335783066915437 -2
-13.336967378299427 0.33131209741621 2
-13.336967378299427 0.33131209741621 -2
-13.371893386015769 0.22382089844836933 2
-13.371893386015769 0.22382089844836933 -2
-13.393071772183031 0.11279991020787368 2
-13.393071772183031 0.11279991020787368 -2
-13.400168541000001 -2.8946207694179457e-16 2
-13.400168541000001 -2.8946207694179457e-16 -2
-13.393071772183031 -0.11279991020787386 2
-13.393071772183031 -0.11279991020787386 -2
-13.371893386015769 -0.22382089844836953 2
-13.371893386015769 -0.22382089844836953 -2
-13.336967378299427 -0.3313120974162105 2
-13.336967378299427 -0.3313120974162105 -2
-13.288844553039478 -0.43357830669154385 2
-13.288844553039478 -0.43357830669154385 -2
-13.228283835937454 -0.529006727063226 2
-13.228283835937454 -0.529006727063226 -2
-13.15624030567927 -0.6160923953358198 2
-13.15624030567927 -0.6160923953358198 -2
-13.07385013177382 -0.6934619184982105 2
-13.07385013177382 -0.6934619184982105 -2
-12.982412656481097 -0.7598951329518138 2
-12.982412656481097 -0.7598951329518138 -2
-12.883369903408566 -0.8143443472194178 2
-12.883369903408566 -0.8143443472194178 -2
-12.778283835937454 -0.8559508646656382 2
-12.778283835937454 -0.8559508646656382 -2
-12.668811724127153 -0.8840585256558199 2
-12.668811724127153 -0.8840585256558199 -2
-12.556680008576382 -0.8982240555854444 2
-12.556680008576382 -0.8982240555854444 -2
-12.44365707342362 -0.8982240555854444 2
-12.44365707342362 -0.8982240555854444 -2
-12.331525357872849 -0.8840585256558198 2
-12.331525357872849 -0.8840585256558198 -2
-12.222053246062549 -0.8559508646656383 2
-12.222053246062549 -0.8559508646656383 -2
-12.116967178591436 -0.8143443472194176 2
-12.116967178591436 -0.8143443472194176 -2
-12.017924425518904 -0.7598951329518134 2
-12.017924425518904 -0.7598951329518134 -2
-11.92648695022618 -0.6934619184982102 2
-11.92648695022618 -0.6934619184982102 -2
-11.84409677632073 -0.6160923953358195 2
-11.84409677632073 -0.6160923953358195 -2
-11.772053246062548 -0.5290067270632254 2
-11.772053246062548 -0.5290067270632254 -2
-11.711492528960523 -0.4335783066915438 2
-11.711492528960523 -0.4335783066915438 -2
-11.663369703700575 -0.3313120974162101 2
-11.663369703700575 -0.3313120974162101 -2
-11.628443695984233 -0.22382089844836905 2
-11.628443695984233 -0.22382089844836905 -2
-11.60726530981697 -0.11279991020787342 2
-11.60726530981697 -0.11279991020787342 -2
13.400168541000001 0.0 2
13.400168541000001 0.0 -2
13.393071772183031 0.11279991020787383 2
13.393071772183031 0.11279991020787383 -2
13.371893386015769 0.22382089844836933 2
13.371893386015769 0.22382089844836933 -2
13.336967378299427 0.3313120974162102 2
13.336967378299427 0.3313120974162102 -2
13.288844553039478 0.4335783066915438 2
13.288844553039478 0.4335783066915438 -2
13.228283835937454 0.5290067270632258 2
13.228283835937454 0.5290067270632258 -2
13.15624030567927 0.6160923953358198 2
13.15624030567927 0.6160923953358198 -2
13.07385013177382 0.6934619184982104 2
13.07385013177382 0.6934619184982104 -2
12.982412656481097 0.7598951329518135 2
12.982412656481097 0.7598951329518135 -2
12.883369903408566 0.8143443472194176 2
12.883369903408566 0.8143443472194176 -2
12.778283835937453 0.8559508646656382 2
12.778283835937453 0.8559508646656382 -2
12.668811724127153 0.8840585256558199 2
12.668811724127153 0.8840585256558199 -2
12.556680008576382 0.8982240555854444 2
12.556680008576382 0.8982240555854444 -2
12.44365707342362 0.8982240555854444 2
12.44365707342362 0.8982240555854444 -2
12.331525357872849 0.8840585256558198 2
12.331525357872849 0.8840585256558198 -2
12.222053246062547 0.8559508646656382 2
12.222053246062547 0.8559508646656382 -2
12.116967178591436 0.8143443472194175 2
12.116967178591436 0.8143443472194175 -2
12.017924425518904 0.7598951329518134 2
12.017924425518904 0.7598951329518134 -2
11.92648695022618 0.6934619184982104 2
11.92648695022618 0.6934619184982104 -2
11.84409677632073 0.6160923953358197 2
11.84409677632073 0.6160923953358197 -2
11.772053246062548 0.5290067270632259 2
11.772053246062548 0.5290067270632259 -2
11.711492528960523 0.4335783066915437 2
11.711492528960523 0.4335783066915437 -2
11.663369703700575 0.33131209741621 2
11.663369703700575 0.33131209741621 -2
11.628443695984233 0.22382089844836933 2
11.628443695984233 0.22382089844836933 -2
11.60726530981697 0.11279991020787368 2
11.60726530981697 0.11279991020787368 -2
11.600168541 -2.8946207694179457e-16 2
11.600168541 -2.8946207694179457e-16 -2
11.60726530981697 -0.11279991020787386 2
11.60726530981697 -0.11279991020787386 -2
11.628443695984233 -0.22382089844836953 2
11.628443695984233 -0.22382089844836953 -2
11.663369703700575 -0.3313120974162105 2
11.663369703700575 -0.3313120974162105 -2
11.711492528960523 -0.43357830669154385 2
11.711492528960523 -0.43357830669154385 -2
11.772053246062548 -0.529006727063226 2
11.772053246062548 -0.529006727063226 -2
11.84409677632073 -0.6160923953358198 2
11.84409677632073 -0.6160923953358198 -2
11.926486950226181 -0.6934619184982105 2
11.926486950226181 -0.6934619184982105 -2
12.017924425518904 -0.7598951329518138 2
12.017924425518904 -0.7598951329518138 -2
12.116967178591436 -0.8143443472194178 2
12.116967178591436 -0.8143443472194178 -2
12.222053246062547 -0.8559508646656382 2
12.222053246062547 -0.8559508646656382 -2
12.331525357872849 -0.8840585256558199 2
12.331525357872849 -0.8840585256558199 -2
12.44365707342362 -0.8982240555854444 2
12.44365707342362 -0.8982240555854444 -2
12.556680008576382 -0.8982240555854444 2
12.556680008576382 -0.8982240555854444 -2
12.668811724127153 -0.8840585256558198 2
12.668811724127153 -0.8840585256558198 -2
12.778283835937453 -0.8559508646656383 2
12.778283835937453 -0.8559508646656383 -2
12.883369903408566 -0.8143443472194176 2
12.883369903408566 -0.8143443472194176 -2
12.982412656481097 -0.7598951329518134 2
12.982412656481097 -0.7598951329518134 -2
13.073850131773822 -0.6934619184982102 2
13.073850131773822 -0.6934619184982102 -2
13.15624030567927 -0.6160923953358195 2
13.15624030567927 -0.6160923953358195 -2
13.228283835937454 -0.5290067270632254 2
13.228283835937454 -0.5290067270632254 -2
13.288844553039478 -0.4335783066915438 2
13.288844553039478 -0.4335783066915438 -2
13.336967378299427 -0.3313120974162101 2
13.336967378299427 -0.3313120974162101 -2
13.371893386015769 -0.22382089844836905 2
13.371893386015769 -0.22382089844836905 -2
13.393071772183031 -0.11279991020787342 2
13.393071772183031 -0.11279991020787342 -2
