1730 885760 291633.072200 
-4.992880e-01 2.356007e-01 -1.387807e-01 
2.020035e-01 1.764802e+00 4.371826e-01 
1.445117e-02 -2.195399e-03 4.736697e-02 
1.622189e-01 1.703882e+00 4.611227e-01 
1.425046e-02 -2.311564e-03 4.743355e-02 
-1.309514e+00 9.031067e-01 6.366731e-01 
-4.262341e-01 1.954629e-01 2.999071e-01 
5.092148e+00 -9.763811e-01 3.326851e+00 
1.437098e-02 -2.205209e-03 4.734387e-02 
1.430324e-02 -2.238538e-03 4.732861e-02 
4.807783e-01 1.396900e-01 1.032080e-01 
1.432742e-02 -2.240236e-03 4.736623e-02 
1.451188e-02 -2.252850e-03 4.735724e-02 
1.453571e-02 -2.427928e-03 4.738262e-02 
-8.556773e-01 4.027153e-01 1.184931e-01 
1.436956e-02 -2.247966e-03 4.733624e-02 
4.281275e-01 4.145112e-01 2.536407e-01 
-7.040185e-02 -1.121599e-01 1.144564e-01 
-4.030390e-01 8.870478e-02 3.276525e-01 
-9.425205e-01 1.759449e-01 3.070335e-01 
