-8.860365787 -0.2025112746 3
-9.62429780950021 2.1486297345698926 3
-11.62429780950021 3.601714790580614 3
-14.096433764499789 3.6017147905806146 3
-16.09643376449979 2.148629734569893 3
-16.860365787 -0.2025112745999995 3
-16.09643376449979 -2.553652283769892 3
-14.096433764499789 -4.0067373397806145 3
-11.62429780950021 -4.0067373397806145 3
-9.62429780950021 -2.5536522837698934 3
16.860365787 0.2025112746 3
16.09643376449979 2.5536522837698925 3
14.096433764499789 4.0067373397806145 3
11.62429780950021 4.0067373397806145 3
9.62429780950021 2.553652283769893 3
8.860365787 0.2025112746000005 3
9.62429780950021 -2.148629734569892 3
11.62429780950021 -3.601714790580614 3
14.096433764499789 -3.6017147905806146 3
16.09643376449979 -2.1486297345698935 3
-11.960365786999999 -0.2025112746 2
-12.132250492062546 0.3264954524632258 2
-12.582250492062547 0.6534395900656382 2
-13.138481081937451 0.6534395900656382 2
-13.588481081937452 0.3264954524632259 2
-13.760365787 -0.2025112745999999 2
-13.588481081937452 -0.7315180016632257 2
-13.138481081937453 -1.0584621392656381 2
-12.582250492062547 -1.0584621392656384 2
-12.132250492062546 -0.7315180016632261 2
13.760365787 0.2025112746 2
13.588481081937452 0.7315180016632259 2
13.138481081937451 1.0584621392656381 2
12.582250492062547 1.0584621392656384 2
12.132250492062546 0.7315180016632259 2
11.960365786999999 0.20251127460000012 2
12.132250492062546 -0.3264954524632257 2
12.582250492062546 -0.6534395900656382 2
13.138481081937451 -0.6534395900656382 2
13.588481081937452 -0.32649545246322603 2
