-8.590168540999999 -0.1951 3
-9.43049376575023 2.3911551100868818 3
-11.63049376575023 3.9895486716986754 3
-14.349843316249768 3.9895486716986763 3
-16.549843316249767 2.3911551100868826 3
-17.390168541 -0.19509999999999947 3
-16.54984331624977 -2.7813551100868814 3
-14.349843316249768 -4.3797486716986755 3
-11.63049376575023 -4.379748671698676 3
-9.430493765750231 -2.781355110086883 3
17.390168541 0.1951 3
16.549843316249767 2.781355110086882 3
14.349843316249768 4.3797486716986755 3
11.63049376575023 4.379748671698676 3
9.430493765750231 2.7813551100868827 3
8.590168540999999 0.19510000000000052 3
9.43049376575023 -2.3911551100868813 3
11.63049376575023 -3.9895486716986754 3
14.349843316249768 -3.9895486716986763 3
16.549843316249767 -2.391155110086883 3
-12.290168541 -0.1951 2
-12.423856644937537 0.2163496766047312 2
-12.773856644937537 0.4706395614066074 2
-13.206480437062462 0.4706395614066075 2
-13.556480437062461 0.21634967660473126 2
-13.690168540999998 -0.1950999999999999 2
-13.556480437062463 -0.6065496766047311 2
-13.206480437062462 -0.8608395614066073 2
-12.773856644937537 -0.8608395614066076 2
-12.423856644937537 -0.6065496766047314 2
13.690168540999998 0.1951 2
13.556480437062461 0.6065496766047311 2
13.206480437062462 0.8608395614066073 2
12.773856644937537 0.8608395614066076 2
12.423856644937537 0.6065496766047312 2
12.290168541 0.19510000000000008 2
12.423856644937535 -0.2163496766047311 2
12.773856644937537 -0.4706395614066074 2
13.206480437062462 -0.4706395614066075 2
13.556480437062461 -0.2163496766047313 2
