2880.743225824	0.1418	0.2236	0
2891.334193566	0.0019062366765512	0.217796538559259	0
2901.925161308	0.00350299185230731	0.219594588050659	0
2912.51612905	0.0112364115109794	0.222286839305716	0
2923.107096792	-0.000412372708742731	0.21571136464709	0
2933.698064534	-0.00199289535713302	0.213076450686088	0
2944.289032276	-0.00199289535713302	0.213076450686088	0
2954.880000018	-0.00242496483352323	0.210248400127967	0
2965.47096776	-0.00242496483352323	0.210248400127967	0
2976.061935502	-0.00186168330119643	0.208645215800604	0
2986.652903244	-0.000876825578254246	0.207790063607639	0
2997.243870986	-0.000876825578254246	0.207790063607639	0
3007.8348387280002	0.000150662531306392	0.20825488401075	0
3018.42580647	0.000150662531306392	0.20825488401075	0
3029.016774212	0.000682627130017485	0.208942034812275	0
3039.607741954	0.00163222151946597	0.209969220209342	0
3050.198709696	0.00163222151946597	0.209969220209342	0
3060.789677438	0.00208381668218677	0.212145151572667	0
3071.38064518	0.00208381668218677	0.212145151572667	0
3081.971612922	0.00106276810670295	0.214273096185255	0
3092.562580664	-0.000281752277806606	0.215771610972414	0
3103.153548406	-0.000281752277806606	0.215771610972414	0
3113.744516148	-0.00187977181518668	0.216616099440956	0
3124.33548389	-0.00187977181518668	0.216616099440956	0
3134.926451632	-0.00317317729460443	0.216915880455882	0
3145.517419374	-0.00408211823210222	0.217171126509618	0
3156.108387116	-0.00408211823210222	0.217171126509618	0
3166.699354858	-0.00514173502873288	0.217484871760382	0
3177.2903226	-0.0060630046514378	0.21746661334455	0
3187.881290342	-0.00628604253655349	0.217426500561647	0
3198.4722580840003	-0.00695914664716936	0.217217833942527	0
3209.0632258260002	-0.0076259160718723	0.216812217081713	0
3219.654193568	-0.00817285384087352	0.216139272119619	0
3230.24516131	-0.00848210435758902	0.21521751509002	0
3240.836129052	-0.00846488035176259	0.21412151604324	0
3251.427096794	-0.00808578296713061	0.212943894712906	0
3262.018064536	-0.00733949631425062	0.211736732841554	0
3272.609032278	-0.00617119205269213	0.210563138384628	0
3283.20000002	-0.00457107972770007	0.209539226502937	0
3293.790967762	-0.00259868956906982	0.208795602472605	0
3304.381935504	-0.000354395694854475	0.208385562521399	0
3314.972903246	0.00207452267453133	0.208335239819889	0
3325.563870988	0.00458743318276003	0.208614744103186	0
3336.15483873	0.00717019995669519	0.209159379280641	0
3346.745806472	0.00984446367066338	0.209959563568367	0
3357.336774214	0.0125224993726559	0.211009525500968	0
3367.927741956	0.0155933750557822	0.212734650316184	0
3378.518709698	0.0184128552834123	0.214641210570276	0
3389.1096774400003	0.0208384946881624	0.216735645252951	0
3399.7006451820002	0.0237374227520956	0.219272366341804	0
3410.291612924	0.0260945222229613	0.222108877267786	0
3420.882580666	0.0288869065456579	0.225333443910443	0
3431.473548408	0.0311867230693695	0.228789999489491	0
3442.06451615	0.0331942691795461	0.232506712852323	0
3452.655483892	0.0349235281949429	0.236410095696712	0
3463.246451634	0.03638137903271	0.240447723109908	0
3473.837419376	0.0376128226672777	0.244575888682702	0
3484.428387118	0.0386329315380888	0.248828202449182	0
3495.01935486	0.0393885122883258	0.25321487597731	0
3505.610322602	0.0398988239350653	0.257647285951327	0
3516.201290344	0.0402194576396679	0.262134552167875	0
3526.792258086	0.0403782257541248	0.266741004925415	0
3537.383225828	0.0403151493761365	0.271551789030895	0
3547.97419357	0.0398771691891558	0.276524307125282	0
3558.565161312	0.0390133153956217	0.281512326310009	0
3569.156129054	0.0378141833753941	0.286429446170964	0
3579.747096796	0.036336928768593	0.291276291658103	0
3590.3380645380003	0.034603029432449	0.296090020002467	0
3600.9290322800002	0.0325831230476341	0.300879653722166	0
3611.520000022	0.030264144641013	0.305607802680915	0
3622.110967764	0.0276566436007504	0.310238578775528	0
3632.701935506	0.0247778866685911	0.314777091969992	0
3643.292903248	0.0216023996321866	0.319214552907989	0
3653.88387099	0.0181192186248619	0.323520473919641	0
3664.474838732	0.0143310287082051	0.327682620984489	0
3675.065806474	0.0102306616509408	0.331621607585993	0
3685.656774216	0.00585841349890452	0.335267510503345	0
3696.247741958	0.00130733451777662	0.338621178203116	0
3706.8387097	-0.00337388876405317	0.341705322358032	0
3717.429677442	-0.00817821915503797	0.344580171840442	0
3728.020645184	-0.0131461570335309	0.347229432485819	0
3738.611612926	-0.018286647316604	0.349569030784691	0
3749.202580668	-0.0234668323805114	0.351558816810059	0
3759.79354841	-0.0286479694285416	0.35326901213171	0
3770.384516152	-0.0338381715643036	0.354718904401406	0
3780.9754838940003	-0.0390267609127594	0.355909441905236	0
3791.5664516360002	-0.0441889190238607	0.35684321002979	0
3802.157419378	-0.0493095011827573	0.357503132071371	0
3812.74838712	-0.0543335295579098	0.357875806195754	0
3823.339354862	-0.0592295427928603	0.358017855943019	0
3833.930322604	-0.0640030347744075	0.357971086989806	0
3844.521290346	-0.0686741949361967	0.357754837638537	0
3855.112258088	-0.0732574229778098	0.357347781764128	0
3865.70322583	-0.077760768977757	0.356737658106824	0
3876.294193572	-0.082163033904269	0.355892806171202	0
3886.885161314	-0.0863845462651427	0.354796652953173	0
3897.476129056	-0.0903642429617313	0.353517439469132	0
3908.067096798	-0.0941105264175821	0.352121303043307	0
3918.65806454	-0.0976477151863272	0.350648947074838	0
3929.249032282	-0.100980745990619	0.349121414595048	0
3939.840000024	-0.104134655826655	0.347570074991649	0
3950.430967766	-0.107150905888592	0.34600824013387	0
3961.021935508	-0.110027870271579	0.34442097331297	0
3971.6129032500003	-0.112751976170141	0.342828290893846	0
3982.2038709920002	-0.115341825761478	0.341246427313062	0
3992.794838734	-0.117822665127555	0.339680480876678	0
4003.385806476	-0.120211863328213	0.338130921384771	0
4013.976774218	-0.122517639341541	0.336589518663537	0
4024.56774196	-0.124739794582332	0.335054012315341	0
4035.158709702	-0.126902105819816	0.333513231128999	0
4045.749677444	-0.128996865910355	0.331951827658921	0
4056.340645186	-0.130998882461905	0.330363331656177	0
4066.931612928	-0.132883380891001	0.328772137039694	0
4077.52258067	-0.134657731359934	0.327206712712283	0
4088.113548412	-0.136340154592292	0.325652445751265	0
4098.704516154	-0.137944917140228	0.324122972874605	0
4109.295483896	-0.139470463537557	0.322608921770815	0
4119.886451638	-0.140922820405302	0.321121038065836	0
4130.47741938	-0.142296107965953	0.319653712470625	0
4141.068387122	-0.143593610707697	0.318229313132091	0
4151.659354864	-0.14483002949229	0.316843905560219	0
4162.250322606	-0.146009798954445	0.315483784365308	0
4172.841290348	-0.14712628891396	0.314168157614429	0
4183.43225809	-0.148193326759972	0.312888256150728	0
4194.023225832	-0.149205044922219	0.311633776766525	0
4204.614193574	-0.150158486804476	0.310403342815358	0
4215.205161316	-0.151054480940269	0.309197341683053	0
4225.796129058	-0.151886129361441	0.308012472875607	0
4236.3870968	-0.152645695489043	0.306844122543909	0
4246.978064542	-0.153328502396903	0.305694099099021	0
4257.569032284	-0.153935505278328	0.304580451495859	0
4268.1600000260005	-0.154478084345	0.303508725796976	0
4278.750967768	-0.154962151619951	0.302463115926579	0
4289.34193551	-0.155382690686378	0.301450848331741	0
4299.932903252	-0.155754190152268	0.300470346643828	0
4310.523870994	-0.156072144391232	0.299518715146677	0
4321.114838736	-0.156341862853807	0.298586846767404	0
4331.705806478	-0.156560416545531	0.297660604338017	0
4342.29677422	-0.156706627873666	0.296745955778813	0
4352.887741962	-0.156774385181751	0.2958570750567	0
4363.478709704	-0.156774852677099	0.294998460681023	0
4374.069677446	-0.156704307972302	0.294174820445416	0
4384.660645188	-0.156559214461951	0.293389689375611	0
4395.25161293	-0.156340181484747	0.292646073726145	0
4405.842580672	-0.156058567840257	0.291965147126035	0
4416.433548414	-0.155731254128868	0.291343195632572	0
4427.024516156	-0.155377224664228	0.290767852242033	0
4437.615483898	-0.154987319901522	0.290222741174285	0
4448.20645164	-0.154538934397341	0.289714106587389	0
4458.797419382	-0.154044942030697	0.289256868654632	0
4469.3883871240005	-0.153515992468079	0.288846186604574	0
4479.979354866	-0.152960963942236	0.288470097404366	0
4490.570322608	-0.152381129992287	0.288127527213496	0
4501.16129035	-0.151768355578926	0.287806086084646	0
4511.752258092	-0.151112723909436	0.287501849307274	0
4522.343225834	-0.150417507356872	0.287221719548032	0
4532.934193576	-0.149674107666696	0.286958113834647	0
4543.525161318	-0.148882977592008	0.286709738845834	0
4554.11612906	-0.148025201085203	0.28647039542049	0
4564.707096802	-0.147085054147452	0.286259589981367	0
4575.298064544	-0.146070518780898	0.286092125664434	0
4585.889032286	-0.144970932788191	0.285973882843061	0
4596.480000028	-0.143798714046525	0.285919355525856	0
4607.07096777	-0.142557856456592	0.285928339678153	0
4617.661935512	-0.141251814440451	0.28600452422986	0
4628.252903254	-0.139885032840331	0.286157066035583	0
4638.843870996	-0.138482588676105	0.286390731637287	0
4649.4348387380005	-0.137045562734086	0.286697165740911	0
4660.02580648	-0.13557653630635	0.287068700028792	0
4670.6167742220005	-0.134098934128157	0.287488010249497	0
4681.207741964	-0.132599619183815	0.287928653298056	0
4691.798709706	-0.131055147331823	0.288378118221634	0
4702.389677448	-0.129438554007255	0.288847996390683	0
4712.98064519	-0.127741631320848	0.289364002305265	0
4723.571612932	-0.125972236069128	0.289934741753824	0
4734.162580674	-0.124139459652469	0.290568370613226	0
4744.753548416	-0.12225089708785	0.291255895720522	0
4755.344516158	-0.120300192817634	0.292000996935747	0
4765.9354839	-0.118285353987435	0.292800585778154	0
4776.526451642	-0.116205458383846	0.293676115380557	0
4787.117419384	-0.114080731579055	0.294626712665835	0
4797.708387126	-0.111925365795534	0.295637335679009	0
4808.299354868	-0.109732626483819	0.29669781927899	0
4818.89032261	-0.107492277618658	0.297802815362114	0
4829.481290352	-0.105192252328477	0.298959552361563	0
4840.072258094	-0.102832040846115	0.300173941498239	0
4850.6632258360005	-0.100407813862779	0.301452795448383	0
4861.254193578	-0.0979164981249195	0.302809499406994	0
4871.84516132	-0.0953640567627611	0.304254687331402	0
4882.436129062	-0.0927518053262226	0.305797656781527	0
4893.027096804	-0.0900888826330467	0.307451556431007	0
4903.618064546	-0.0873798024186777	0.309208037289095	0
4914.209032288	-0.0846245033582906	0.31108095869603	0
4924.80000003	-0.0818296964554786	0.313072105138496	0
4935.390967772	-0.0789999884252964	0.315196183505272	0
4945.981935514	-0.0761486643291538	0.317437111804027	0
4956.572903256	-0.0732641324425579	0.319804718246839	0
4967.163870998	-0.0703623275649709	0.322309192606879	0
4977.75483874	-0.0674550394350323	0.324944557492922	0
4988.345806482	-0.0645461921131492	0.327707012688308	0
4998.936774224	-0.0616337975389494	0.330597561141395	0
5009.527741966	-0.0587321596069787	0.333612848549365	0
5020.118709708	-0.0558467132191395	0.336740171300674	0
5030.70967745	-0.05296339510981	0.339980884717771	0
5041.300645192	-0.0500801816984894	0.343341159854923	0
5051.8916129340005	-0.0472086395389669	0.346839614564886	0
5062.482580676	-0.044364565077466	0.350476292072066	0
5073.073548418	-0.0415638047660214	0.35424967787588	0
5083.66451616	-0.0388212576901556	0.358164655733916	0
5094.255483902	-0.0361612448136388	0.362210901563726	0
5104.846451644	-0.0335935655745815	0.366373294745852	0
5115.437419386	-0.0311261860211569	0.37064973875283	0
5126.028387128	-0.0287789008515732	0.3750366950406	0
5136.61935487	-0.0265627420619198	0.37951606508934	0
5147.210322612	-0.0244770679197971	0.384073289011855	0
5157.801290354	-0.0225179850349562	0.388700599001712	0
5168.392258096	-0.0206765352939583	0.393393408632372	0
5178.983225838	-0.0189524226188317	0.39815277084691	0
5189.57419358	-0.0173546312284146	0.402985814002955	0
5200.165161322	-0.0158965208245117	0.407876818622456	0
5210.756129064	-0.0145826551946323	0.412804919811678	0
5221.347096806	-0.0134020508629246	0.417747925018746	0
5231.9380645480005	-0.0123421099273563	0.422695549564307	0
5242.52903229	-0.0113994817608716	0.427654982342205	0
5253.1200000320005	-0.0105886204271241	0.432597454054793	0
5263.710967774	-0.00988568311888583	0.437511408323872	0
5274.301935516	-0.0092702069515756	0.442392567396522	0
5284.892903258	-0.00871966078235881	0.447242783736334	0
5295.483871	-0.00822684175929734	0.452076756106094	0
5306.074838742	-0.00780230729797808	0.456897880885883	0
5316.665806484	-0.00744286670598281	0.461698657194353	0
5327.256774226	-0.00715076314447439	0.466478695247568	0
5337.847741968	-0.00691715079199063	0.471242420470102	0
5348.43870971	-0.00674470532536308	0.475982000620461	0
5359.029677452	-0.00661715259735917	0.480700494546381	0
5369.620645194	-0.00653476270966624	0.485385647520222	0
5380.211612936	-0.00647941368807376	0.490042594870106	0
5390.802580678	-0.00644667724944755	0.494683406124146	0
5401.39354842	-0.00644117966310611	0.49931446361948	0
5411.984516162	-0.00645284806079368	0.503931548541209	0
5422.575483904	-0.00648851714537764	0.508544717274862	0
5433.1664516460005	-0.00654823491823958	0.513162946398254	0
5443.757419388	-0.00664505961494913	0.51779047243338	0
5454.34838713	-0.00677249937306019	0.522414719803956	0
5464.939354872	-0.00692462677655591	0.527044033619275	0
5475.530322614	-0.00709351356337199	0.531671758369243	0
5486.121290356	-0.00727758952605785	0.536313913826	0
5496.712258098	-0.0074887648763828	0.540965971882833	0
5507.30322584	-0.00772467980262274	0.545617107973783	0
5517.894193582	-0.00797552344313468	0.550267024425459	0
5528.485161324	-0.00824820185759399	0.554916188468699	0
5539.076129066	-0.00854061629073502	0.559563036399227	0
5549.667096808	-0.0088504445936008	0.564215661776002	0
5560.25806455	-0.00918430384973574	0.568876132949401	0
5570.849032292	-0.00954537113266849	0.573537499216722	0
5581.440000034	-0.00993407734988762	0.578194164851195	0
5592.030967776	-0.0103467322843011	0.582836458950307	0
5602.621935518	-0.0107740981795652	0.58745989396513	0
5613.21290326	-0.0112052794868586	0.59206901225189	0
5623.803871002	-0.0116528140750492	0.596668673487753	0
5634.3948387440005	-0.0121225334281005	0.601246364307891	0
5644.985806486	-0.0125987541194321	0.605785666115259	0
5655.576774228	-0.0130573938081123	0.610297416598243	0
5666.16774197	-0.0134975608701534	0.614798639145552	0
5676.758709712	-0.0139211772044718	0.619299289448081	0
5687.349677454	-0.0143288723856635	0.623809959182159	0
5697.940645196	-0.0147247953104002	0.628339166348065	0
5708.531612938	-0.0151157136516931	0.632887714102322	0
5719.12258068	-0.0154951889414036	0.637466160862389	0
5729.713548422	-0.0158732413044723	0.642085235461971	0
5740.304516164	-0.0162612773198199	0.646745492693104	0
5750.895483906	-0.0166669956958742	0.651442542335106	0
5761.486451648	-0.0170818112008492	0.656170804055512	0
5772.07741939	-0.0175046275956458	0.660938517783482	0
5782.668387132	-0.0179369997447543	0.665745507646518	0
5793.259354874	-0.0183852494214568	0.670599247090674	0
5803.850322616	-0.0188692271652601	0.675497067738477	0
5814.4412903580005	-0.0193853338553903	0.680428459698851	0
5825.0322581	-0.0199234077248369	0.685394073547474	0
5835.6232258420005	-0.0204888354348798	0.690396255477927	0
5846.214193584	-0.0210808519896752	0.695442319736537	0
5856.805161326	-0.021702678278102	0.700542286293782	0
5867.396129068	-0.0223717647894949	0.705703580555404	0
5877.98709681	-0.0230955141274907	0.710914539654065	0
5888.578064552	-0.0238881735905564	0.716163510342475	0
5899.169032294	-0.0247420230171712	0.721436999290481	0
5909.760000036	-0.0256538175443473	0.726737789720157	0
5920.350967778	-0.026624422898745	0.732066176054236	0
5930.94193552	-0.0276625516723959	0.737423587466862	0
5941.532903262	-0.0287732058261475	0.742797068940819	0
5952.123871004	-0.0299555713865775	0.748186227082032	0
5962.714838746	-0.0312044202186858	0.753583477960427	0
5973.305806488	-0.032517331297284	0.758994200823737	0
5983.89677423	-0.0338915619483919	0.764420494188716	0
5994.487741972	-0.0353324271199655	0.769862658753983	0
6005.078709714	-0.0368419902453459	0.775317780991756	0
6015.6696774560005	-0.0384232487796026	0.780785615727238	0
6026.260645198	-0.0400755035124402	0.786256716879276	0
6036.85161294	-0.0417928551828447	0.791731069005381	0
6047.442580682	-0.0435814793850336	0.797203044125369	0
6058.033548424	-0.045436823746606	0.802677359611764	0
6068.624516166	-0.0473637669077214	0.808149416401232	0
6079.215483908	-0.0493653518637281	0.813608100800255	0
6089.80645165	-0.0514336324226806	0.819047684135921	0
6100.397419392	-0.053559150162185	0.824460669239594	0
6110.988387134	-0.055724849955571	0.829846457538716	0
6121.579354876	-0.0579268383923389	0.835223239688429	0
6132.170322618	-0.0601713105800413	0.840597838336216	0
6142.76129036	-0.0624645994807112	0.845967187295646	0
6153.352258102	-0.0648155853453522	0.851331657814131	0
6163.943225844	-0.0672156382346594	0.856683370492173	0
6174.534193586	-0.0696682847216109	0.862026985455138	0
6185.125161328	-0.0721739842959298	0.867346110636272	0
6195.71612907	-0.0747313511857697	0.87264216813626	0
6206.307096812	-0.0773344456151519	0.877912886517093	0
6216.8980645540005	-0.0799891041262159	0.883160496655488	0
6227.489032296	-0.0826952841475297	0.888382517836749	0
6238.080000038	-0.0854400510407443	0.893580745795694	0
6248.67096778	-0.0882179375063319	0.898764991685552	0
6259.261935522	-0.0910421989188963	0.903937134605799	0
6269.852903264	-0.0939187847257061	0.909087019843096	0
6280.443871006	-0.0968359411185696	0.914211822684989	0
6291.034838748	-0.0997947893561705	0.919310523145203	0
6301.62580649	-0.102790522696253	0.9243762549079	0
6312.216774232	-0.105822722135797	0.929411124092615	0
6322.807741974	-0.108886279091927	0.934414676149653	0
6333.398709716	-0.111984306887853	0.939387570270965	0
6343.989677458	-0.115120240054627	0.944322260943343	0
6354.5806452	-0.118279528766333	0.949217216829407	0
6365.171612942	-0.12146115511787	0.954084005626403	0
6375.762580684	-0.124672734308574	0.958920131959525	0
6386.353548426	-0.1279117485741	0.963727878803871	0
6396.9445161680005	-0.131180122009474	0.96850612933724	0
6407.53548391	-0.134478530133325	0.973251084992396	0
6418.1264516520005	-0.137796643340137	0.977967835002955	0
6428.717419394	-0.141142079542985	0.982660057799062	0
6439.308387136	-0.14452695298218	0.987318579252926	0
6449.899354878	-0.147936889060526	0.991929793557387	0
6460.49032262	-0.15136191157083	0.996499097320397	0
6471.081290362	-0.154802086410244	1.00103304259302	0
6481.672258104	-0.158259102340804	1.00553598756205	0
6492.263225846	-0.161730270743593	1.0100084878145	0
6502.854193588	-0.16521303318223	1.01445439795089	0
6513.44516133	-0.168709262310216	1.01887665928949	0
6524.036129072	-0.172214673923415	1.02327502705402	0
6534.627096814	-0.175739827688353	1.027648034735	0
6545.218064556	-0.179276092047867	1.03199667483571	0
6555.809032298	-0.182823349685927	1.03632349935006	0
6566.40000004	-0.186386755331839	1.0406256670814	0
6576.990967782	-0.189959901638699	1.044906443583	0
6587.581935524	-0.193545791831247	1.04916200197531	0
6598.1729032660005	-0.197137349073616	1.05338816952375	0
6608.763871008	-0.200724137448837	1.05758996629526	0
6619.35483875	-0.204311962830214	1.06178027031701	0
6629.945806492	-0.207906847136025	1.06595989333182	0
6640.536774234	-0.211511383506848	1.07012573306886	0
6651.127741976	-0.215127851492255	1.07427304123766	0
6661.718709718	-0.218754236001016	1.0783995109043	0
6672.30967746	-0.222384406075435	1.08250192751673	0
6682.900645202	-0.226014692445063	1.08658360049454	0
6693.491612944	-0.229642767037301	1.09064951868026	0
6704.082580686	-0.233270884502758	1.09470506890858	0
6714.673548428	-0.236902188161483	1.09875759286288	0
6725.26451617	-0.240546892646032	1.10280786444669	0
6735.855483912	-0.244204931095198	1.10685172734804	0
6746.446451654	-0.247874875739855	1.11088463120448	0
6757.037419396	-0.251553236368567	1.11490734819785	0
6767.628387138	-0.25524307134576	1.11892626358192	0
6778.2193548800005	-0.258947382879933	1.12294544960583	0
6788.810322622	-0.262667097107114	1.12696253133961	0
6799.4012903640005	-0.266405829825484	1.13097450258063	0
6809.992258106	-0.270158072425203	1.13498546752502	0
6820.583225848	-0.273944943371168	1.13900239814979	0
6831.17419359	-0.277759368908389	1.14301403165924	0
6841.765161332	-0.28159952183296	1.14701031944562	0
6852.356129074	-0.285460188854242	1.15099104102409	0
6862.947096816	-0.289348917518395	1.15495740834718	0
6873.538064558	-0.293268724313779	1.15890591566792	0
6884.1290323	-0.29721043441644	1.16282964060594	0
6894.720000042	-0.301170506519052	1.16673647639971	0
6905.310967784	-0.305155242562146	1.17062101340348	0
6915.901935526	-0.309163406311512	1.17448001123555	0
6926.492903268	-0.313193611422896	1.17831226565686	0
6937.08387101	-0.31724933202237	1.18211137280107	0
6947.674838752	-0.321328547870052	1.18586736668045	0
6958.265806494	-0.325420612746648	1.18957342875383	0
6968.856774236	-0.329510248310776	1.19323246406577	0
6979.4477419780005	-0.333600597860811	1.19685430799048	0
6990.03870972	-0.337697168230483	1.20043301839084	0
7000.6296774620005	-0.341796516252893	1.20396396037084	0
7011.220645204	-0.345893885701448	1.20744350463869	0
7021.811612946	-0.34998617382781	1.21087109840432	0
7032.402580688	-0.3540631780529	1.21424233006867	0
7042.99354843	-0.358113771906502	1.21755444339522	0
7053.584516172	-0.362129884433472	1.22081731929873	0
7064.175483914	-0.366111811752037	1.22403770541234	0
7074.766451656	-0.370058995433934	1.22722045763556	0
7085.357419398	-0.37397809683081	1.23036534467538	0
7095.94838714	-0.377867564474789	1.23348331869916	0
7106.539354882	-0.381733329746733	1.23657494937728	0
7117.130322624	-0.385584516573788	1.23964027475029	0
7127.721290366	-0.389417989640279	1.24267190827089	0
7138.312258108	-0.393220717369884	1.24566874014428	0
7148.90322585	-0.396982773057355	1.2486389605438	0
7159.494193592	-0.400707849923642	1.25159344928346	0
7170.085161334	-0.404396173113984	1.25453272498581	0
7180.6761290760005	-0.408045149467656	1.25746422364647	0
7191.267096818	-0.411654146203512	1.26039595729225	0
7201.8580645600005	-0.415235918996622	1.26333928067649	0
7212.449032302	-0.418801218206751	1.26628371862134	0
7223.040000044	-0.42234853761878	1.26922312904914	0
7233.630967786	-0.425880402948656	1.27215126737611	0
7244.221935528	-0.429394996341086	1.27507187801239	0
7254.81290327	-0.432893042827646	1.27798334841089	0
7265.403871012	-0.436369266665354	1.28088339003868	0
7275.994838754	-0.43982694661238	1.2837772025578	0
7286.585806496	-0.443268155807744	1.28666695094543	0
7297.176774238	-0.446696901898251	1.28955723059806	0
7307.76774198	-0.450118648879237	1.29243754070805	0
7318.358709722	-0.453526403441496	1.29530216946176	0
7328.949677464	-0.456917024520371	1.2981553679217	0
7339.540645206	-0.460291477501112	1.3009957154856	0
7350.131612948	-0.463650762373546	1.30382405219404	0
7360.7225806900005	-0.466992734067235	1.30664543967251	0
7371.313548432	-0.470318407560063	1.30946243087633	0
7381.9045161740005	-0.473632518044945	1.3122757965996	0
7392.495483916	-0.476935110435502	1.31508255753625	0
7403.086451658	-0.48022378471933	1.3178797373144	0
7413.6774194	-0.483497153938021	1.32066763388396	0
7424.268387142	-0.486755536996683	1.32344263809007	0
7434.859354884	-0.489992084745522	1.32620383847629	0
7445.450322626	-0.493202214017494	1.32895861738453	0
7456.041290368	-0.496386593152467	1.33171648175438	0
7466.63225811	-0.499551655138094	1.33448025704689	0
7477.223225852	-0.502699489520644	1.33724761033604	0
7487.814193594	-0.505831038971923	1.34002401603256	0
7498.405161336	-0.50894511767329	1.34280958027729	0
7508.996129078	-0.51204113647703	1.34561324643657	0
7519.58709682	-0.515131551579836	1.34843858757116	0
7530.178064562	-0.518221692939339	1.35128313727667	0
7540.769032304	-0.521323428187411	1.3541383340982	0
7551.360000046	-0.524435581134633	1.35698668949223	0
7561.9509677880005	-0.527543537640926	1.35982963739091	0
7572.54193553	-0.530651126794007	1.36267260450058	0
7583.1329032720005	-0.533753117995299	1.36550548054521	0
7593.723871014	-0.536840519494994	1.36833330495996	0
7604.314838756	-0.539909059779375	1.37115978083915	0
7614.905806498	-0.542971370313202	1.37399371679853	0
7625.49677424	-0.546027778395887	1.37683050239307	0
7636.087741982	-0.549077494689025	1.37967167724026	0
7646.678709724	-0.552122466553171	1.38251426420773	0
7657.269677466	-0.555166509920641	1.38535906661479	0
7667.860645208	-0.558205722182446	1.38820059526454	0
7678.45161295	-0.561235233312941	1.39104060273098	0
7689.042580692	-0.564255325719699	1.3938817732067	0
7699.633548434	-0.567261546379562	1.39672504852976	0
7710.224516176	-0.570252469102419	1.39958108047781	0
7720.815483918	-0.573233448083261	1.40245274733116	0
7731.40645166	-0.576217139064843	1.40534154031197	0
7741.997419402	-0.579204259478092	1.40823185249426	0
7752.588387144	-0.582185102854247	1.41112491048397	0
7763.1793548860005	-0.585164543394628	1.4140250907369	0
7773.770322628	-0.588153821993128	1.41692262851308	0
7784.3612903700005	-0.591151665948302	1.41981841617054	0
7794.952258112	-0.594151399783211	1.42270169902009	0
7805.543225854	-0.597145675190277	1.42557231827142	0
7816.134193596	-0.6001353162304	1.42843629579194	0
7826.725161338	-0.603116739059861	1.4312966793425	0
7837.31612908	-0.60609467805898	1.43415452861862	0
7847.907096822	-0.60906843019333	1.43700655586766	0
7858.498064564	-0.612034406206733	1.43985195917348	0
7869.089032306	-0.6149966801195	1.44268984545899	0
7879.680000048	-0.617958791233226	1.44551152861976	0
7890.27096779	-0.620914331223839	1.44831362322882	0
7900.861935532	-0.623854466863638	1.45109526527954	0
7911.452903274	-0.626780107832972	1.45386155076442	0
7922.043871016	-0.629690932189969	1.45661830311718	0
7932.634838758	-0.632588112548983	1.4593644996831	0
7943.2258065000005	-0.63547823758349	1.46209236625613	0
7953.816774242	-0.638351096401902	1.46480319762776	0
7964.4077419840005	-0.641202093606123	1.46749941980805	0
7974.998709726	-0.644026211440122	1.47019158561752	0
7985.589677468	-0.646829119304268	1.47288316310996	0
7996.18064521	-0.649613082879289	1.47556753286388	0
8006.771612952	-0.652380222974462	1.47824494444673	0
8017.362580694	-0.655128067491749	1.48091629792591	0
8027.953548436	-0.657857001440935	1.48358548611543	0
8038.544516178	-0.660570352396421	1.48625725454205	0
8049.13548392	-0.663275795057932	1.48892388426019	0
8059.726451662	-0.665964622250667	1.49158432317932	0
8070.317419404	-0.668637104863855	1.49423473866608	0
8080.908387146	-0.671293710879855	1.49687013404337	0
8091.499354888	-0.673930864300886	1.49949345588781	0
8102.09032263	-0.676555434276867	1.50211047752645	0
8112.681290372	-0.679168400223965	1.50471709684684	0
8123.272258114	-0.681763844403302	1.50731306254163	0
8133.863225856	-0.68434425140757	1.50989479432659	0
8144.4541935980005	-0.686911322353313	1.51246548719664	0
8155.04516134	-0.689469160280089	1.51501990981177	0
8165.6361290820005	-0.692011142123788	1.5175427518786	0
8176.227096824	-0.694523678994134	1.52004182724507	0
8186.818064566	-0.697011710221145	1.5225294180941	0
8197.409032308	-0.699478962256424	1.52499556808529	0
8208.00000005	-0.701920935115265	1.52744715317728	0
8218.590967792	-0.704337515888993	1.52987075745635	0
8229.181935534	-0.706723174158568	1.53227640596918	0
8239.772903276	-0.709075202765472	1.53465815236901	0
8250.363871018	-0.711385825254405	1.53702469782862	0
8260.95483876	-0.713646460517218	1.53938078736377	0
8271.545806502	-0.71586539387783	1.54174358277162	0
8282.136774244	-0.718046561320246	1.54410568604335	0
8292.727741986	-0.720186251356161	1.54646061268509	0
8303.318709728	-0.722284859174295	1.54880424861381	0
8313.90967747	-0.724329340712523	1.55113943553604	0
8324.500645212	-0.726319569453552	1.55347696749975	0
8335.091612954	-0.728260404502846	1.55581807890572	0
8345.682580696	-0.730153635733239	1.55816464358379	0
8356.273548438001	-0.732003137214442	1.56052338227739	0
8366.86451618	-0.733814367752651	1.56289167846061	0
8377.455483922	-0.735582170487621	1.5652710094659	0
8388.046451664	-0.737306442108104	1.56766826251888	0
8398.637419406	-0.738992115208036	1.57008166666701	0
8409.228387148	-0.740633041594702	1.57251217619124	0
8419.81935489	-0.742230765625788	1.57495881488579	0
8430.410322632	-0.743791002185025	1.5774297115126	0
8441.001290374	-0.74531783340653	1.57993068019933	0
8451.592258116	-0.746809804469828	1.58246663649791	0
8462.183225858	-0.748276058241021	1.58504453432614	0
8472.7741936	-0.749733097454104	1.58766086112608	0
8483.365161342	-0.751176773460873	1.59030592032668	0
8493.956129084	-0.752601427011551	1.59298876856615	0
8504.547096826	-0.754008376067163	1.59571542837955	0
8515.138064568	-0.755406667527655	1.59848994062395	0
8525.72903231	-0.756799330862905	1.60130239168476	0
8536.320000052001	-0.758189847812585	1.60415399320569	0
8546.910967794	-0.759580648745894	1.60704596675072	0
8557.501935536	-0.760975627190232	1.60997553212709	0
8568.092903278	-0.762375377846826	1.61293731142657	0
8578.68387102	-0.763782598084516	1.61592945558764	0
8589.274838762	-0.765197674884531	1.61894739137736	0
8599.865806504	-0.766614930206295	1.62198509307	0
8610.456774246	-0.768030018876754	1.62503957023255	0
8621.047741988	-0.769441387001833	1.62812108154134	0
8631.63870973	-0.770858694524426	1.63122392409448	0
8642.229677472	-0.772283164589501	1.63434321541022	0
8652.820645214	-0.773709045198655	1.63748027350172	0
8663.411612956	-0.775147926068313	1.64063633100377	0
8674.002580698	-0.776601797251417	1.64380352211436	0
8684.59354844	-0.778061149189728	1.64697708455092	0
8695.184516182	-0.7795214139302	1.65015801981186	0
8705.775483924	-0.780979243743662	1.65335576616314	0
8716.366451666001	-0.782437303281784	1.65657086732667	0
8726.957419408	-0.783897531123453	1.65980245336787	0
8737.54838715	-0.785359967558999	1.66304766928084	0
8748.139354892	-0.786825471387351	1.66630312352946	0
8758.730322634001	-0.788289638655498	1.66956458963794	0
8769.321290376	-0.789748043273191	1.67283786777208	0
8779.912258118	-0.791201824276147	1.67612861961978	0
8790.50322586	-0.792655560814314	1.6794359551756	0
8801.094193602	-0.794111049132327	1.68276042603285	0
8811.685161344	-0.795568600926451	1.68609961052987	0
8822.276129086	-0.797027908227097	1.68945265597598	0
8832.867096828	-0.798486615396259	1.69281635808539	0
8843.45806457	-0.799944573142308	1.69619341423678	0
8854.049032312	-0.801401894939565	1.69958032970041	0
8864.640000054	-0.802857936248826	1.70297796865431	0
8875.230967796	-0.804315045189427	1.7063888339949	0
8885.821935538	-0.805771287472565	1.70980908129941	0
8896.41290328	-0.807228498727249	1.71324237583527	0
8907.003871022	-0.808687659206809	1.71668572792188	0
8917.594838764	-0.810146190684004	1.7201384885567	0
8928.185806506	-0.811606506424111	1.72359669961083	0
8938.776774248001	-0.813069077618559	1.72705885983107	0
8949.36774199	-0.814534973372221	1.73052165862142	0
8959.958709732	-0.816000737154823	1.73398201036744	0
8970.549677474	-0.817459641969257	1.73744219968821	0
8981.140645216	-0.81891490079605	1.74090381169888	0
8991.731612958	-0.820369299871681	1.74436729787347	0
9002.3225807	-0.821820448127474	1.74783101891441	0
9012.913548442	-0.823267726591524	1.75129421144508	0
9023.504516184	-0.824710580861002	1.75476012782741	0
9034.095483926	-0.826151625075431	1.7582289682397	0
9044.686451668	-0.827592379455468	1.7617031737724	0
9055.27741941	-0.82903339093968	1.7651758200344	0
9065.868387152	-0.830476224355612	1.76864627005887	0
9076.459354894	-0.831915392122677	1.77211525525665	0
9087.050322636	-0.833352428220495	1.77558323154878	0
9097.641290378	-0.834784851560877	1.77904869389248	0
9108.23225812	-0.836214668305605	1.78251993716297	0
9118.823225862001	-0.837642983931788	1.7859901737414	0
9129.414193604	-0.839071929983254	1.78945482827927	0
9140.005161346	-0.840496922396512	1.79291522239783	0
9150.596129088	-0.84191831442894	1.79637223975921	0
9161.18709683	-0.84333081091651	1.79982758135173	0
9171.778064572	-0.844733674864706	1.80328042673464	0
9182.369032314	-0.84612628723076	1.80673329858382	0
9192.960000056	-0.847509598415302	1.8101862784668	0
9203.550967798	-0.848882513195035	1.81363822710744	0
9214.14193554	-0.850242991033584	1.817090432622	0
9224.732903282	-0.851590283287993	1.82054116685751	0
9235.323871024	-0.85292346622042	1.82399416323815	0
9245.914838766	-0.854242400914109	1.82744862599979	0
9256.505806508	-0.855543537079113	1.83090481605504	0
9267.09677425	-0.856823524920958	1.83436578957766	0
9277.687741992	-0.858082332076362	1.83783915175396	0
9288.278709734	-0.859324161204823	1.84133411008563	0
9298.869677476001	-0.860559551967896	1.84485138014741	0
9309.460645218	-0.861792303723353	1.84838210459898	0
9320.05161296	-0.863022406752895	1.85192759240776	0
9330.642580702	-0.864248625290994	1.85548667650965	0
9341.233548444001	-0.865470970133508	1.85905215838712	0
9351.824516186	-0.866683824571809	1.86262674749166	0
9362.415483928	-0.867893973524914	1.86621188294481	0
9373.00645167	-0.869098096434357	1.86980557727795	0
9383.597419412	-0.870297369090649	1.87340852033374	0
9394.188387154	-0.871489566272229	1.87702058530469	0
9404.779354896	-0.872675764914657	1.88064365496376	0
9415.370322638	-0.873857956176215	1.88427360745323	0
9425.96129038	-0.875033822541702	1.88791060209746	0
9436.552258122	-0.876201266101077	1.89155546635449	0
9447.143225864	-0.877357621576205	1.89521045659006	0
9457.734193606	-0.878505768789097	1.89887295563809	0
9468.325161348	-0.879644979645512	1.90254583212508	0
9478.91612909	-0.880775689197527	1.90623383813124	0
9489.507096832	-0.881906375846576	1.90993111403331	0
9500.098064574	-0.883032649949522	1.91363495687236	0
9510.689032316	-0.884152399880777	1.917346580311	0
9521.280000058001	-0.885264286042294	1.9210667903017	0
9531.8709678	-0.886369203211412	1.92479601632055	0
9542.461935542	-0.88746681892276	1.92853430625798	0
9553.052903284	-0.888553503558591	1.93228348934051	0
9563.643871026	-0.889630141031189	1.93604181755385	0
9574.234838768	-0.890695339024809	1.939804811983	0
9584.82580651	-0.891746031104001	1.94357783479247	0
9595.416774252	-0.892784831756247	1.94736531938718	0
9606.007741994	-0.893815250766718	1.95116517503174	0
9616.598709736	-0.894837937693832	1.95497634682634	0
9627.189677478	-0.895850325990301	1.95879746137704	0
9637.78064522	-0.896854248827563	1.9626330408401	0
9648.371612962	-0.897858252436824	1.96649020097476	0
9658.962580704	-0.898865945445657	1.97035372688824	0
9669.553548446	-0.899873682784244	1.97421635844886	0
9680.144516188	-0.900879185976021	1.97808702534752	0
9690.73548393	-0.901878744885538	1.98196424169355	0
9701.326451672001	-0.902866834513962	1.98585217436143	0
9711.917419414	-0.903847196540953	1.98975345728644	0
9722.508387156	-0.904821883510232	1.99366627326731	0
9733.099354898	-0.905787862181229	1.9975866633274	0
9743.69032264	-0.906747187351979	2.00151913518568	0
9754.281290382	-0.907705772116914	2.00546192057066	0
9764.872258124	-0.908662267535726	2.00941027550346	0
9775.463225866	-0.909614910763558	2.01336658291215	0
9786.054193608	-0.910568346940954	2.01733047224148	0
9796.64516135	-0.91151579851493	2.02129877272758	0
9807.236129092	-0.912459644477447	2.02527515145959	0
9817.827096834	-0.913401512406799	2.02926201639979	0
9828.418064576	-0.914339961241782	2.03325270032994	0
9839.009032318	-0.915272530477224	2.03724610552189	0
9849.60000006	-0.91619778202693	2.04124609052123	0
9860.190967802	-0.917115763589757	2.0452527592994	0
9870.781935544	-0.91802549878277	2.04926823325299	0
9881.372903286001	-0.918927475210645	2.05329348232659	0
9891.963871028	-0.919820297430872	2.05732871165096	0
9902.55483877	-0.920703347418321	2.06137334162407	0
9913.145806512	-0.921576301427063	2.06542864039582	0
9923.736774254001	-0.922438587952685	2.06949758114781	0
9934.327741996	-0.923292479264029	2.07358714140697	0
9944.918709738	-0.924143903815339	2.07769284668447	0
9955.50967748	-0.924994587732373	2.0818114173985	0
9966.100645222	-0.925845483959596	2.08594010190085	0
9976.691612964	-0.92669798677021	2.09007610167559	0
9987.282580706	-0.927550190464012	2.09421412644817	0
9997.873548448	-0.92840077213208	2.09835675661601	0
10008.46451619	-0.929248430758594	2.10250556341964	0
10019.055483932	-0.930094349894447	2.10665858635573	0
10029.646451674	-0.930935491017169	2.11082012849078	0
10040.237419416	-0.931774872638597	2.1149886821117	0
10050.828387158	-0.932613228278733	2.11916590191384	0
10061.4193549	-0.933449237740808	2.12334970245719	0
10072.010322642	-0.934281286618324	2.12753944314775	0
10082.601290384	-0.935109076621862	2.13173722206359	0
10093.192258126	-0.935932020179482	2.13594465964787	0
10103.783225868001	-0.936750439568025	2.14016225725704	0
10114.37419361	-0.937566014873958	2.14439186993048	0
10124.965161352	-0.938376664032919	2.14863192429502	0
10135.556129094	-0.939187318617264	2.15288247151073	0
10146.147096836	-0.939994986830497	2.15714298032051	0
10156.738064578	-0.940800319464918	2.16141525151279	0
10167.32903232	-0.941605232642301	2.16569651426274	0
10177.920000062	-0.942405405220857	2.16998687958514	0
10188.510967804	-0.943202921169521	2.17428788373118	0
10199.101935546	-0.943996944942374	2.17859859992635	0
10209.692903288	-0.944785261671421	2.18291976842828	0
10220.28387103	-0.945568710912662	2.1872500621842	0
10230.874838772	-0.946347196777678	2.19158758569537	0
10241.465806514	-0.947119097780892	2.19593443916042	0
10252.056774256	-0.947886094297052	2.20028896305197	0
10262.647741998	-0.948644457737253	2.20465429654051	0
10273.23870974	-0.94939432863902	2.20902786390114	0
10283.829677482001	-0.950136241218054	2.2134137411956	0
10294.420645224	-0.950875302575603	2.21781506943205	0
10305.011612966	-0.951611904464749	2.22222822074054	0
10315.602580708	-0.952344689885004	2.22665660172601	0
10326.19354845	-0.953075237336816	2.23110105582046	0
10336.784516192	-0.953807602180991	2.23555882098006	0
10347.375483934	-0.954539747754145	2.24002820442918	0
10357.966451676	-0.955272315632301	2.24451016079726	0
10368.557419418	-0.956005110825634	2.24900516086125	0
10379.14838716	-0.956743466192994	2.25351438006163	0
10389.739354902	-0.957490766555893	2.25803428245459	0
10400.330322644	-0.958246598725224	2.26256263295745	0
10410.921290386	-0.959007053487502	2.26709825802822	0
10421.512258128	-0.959771944378127	2.27164383762478	0
10432.10322587	-0.960541488067886	2.27619848319277	0
10442.694193612	-0.961314804060621	2.28076152772686	0
10453.285161354	-0.962096844710579	2.28533721658813	0
10463.876129096001	-0.962892063676753	2.2899226878038	0
10474.467096838	-0.963702922060368	2.29451307045122	0
10485.05806458	-0.96452877063957	2.2991033155848	0
10495.649032322	-0.965368949091025	2.30369346857921	0
10506.240000064001	-0.966221912684629	2.30827904524149	0
10516.830967806	-0.967086929780855	2.31285752832081	0
10527.421935548	-0.967958761640752	2.31743093163977	0
10538.01290329	-0.968841530773034	2.32200075147304	0
10548.603871032	-0.969733582533984	2.32656202331427	0
10559.194838774	-0.97063280490699	2.33111655379541	0
10569.785806516	-0.971537645663107	2.33566433164054	0
10580.376774258	-0.972446686598583	2.34020365180133	0
10590.967742	-0.973360935788456	2.34473602423261	0
10601.558709742	-0.97428142195495	2.34925926586952	0
10612.149677484	-0.975206046530899	2.35377420559858	0
10622.740645226	-0.976132476818157	2.35828161274086	0
10633.331612968	-0.977061000912156	2.36278376960979	0
10643.92258071	-0.97799094108326	2.36728201944725	0
10654.513548452	-0.978922943750232	2.3717739964687	0
10665.104516194	-0.979855837900235	2.37625851246114	0
10675.695483936	-0.980785449423585	2.38073609810548	0
10686.286451678001	-0.981713060177041	2.38521358853413	0
10696.87741942	-0.982646721050275	2.38968472873988	0
10707.468387162	-0.983586890297969	2.3941467998035	0
10718.059354904	-0.984526741831316	2.39860330738583	0
10728.650322646	-0.98546553406815	2.40305546664114	0
10739.241290388	-0.986402751129859	2.40750496966632	0
10749.83225813	-0.987343656822163	2.41195055730764	0
10760.423225872	-0.988285064983728	2.41639144975063	0
10771.014193614	-0.989225596992341	2.42082638704261	0
10781.605161356	-0.990164661190307	2.42525678158131	0
10792.196129098	-0.991106910637297	2.42968287722975	0
10802.78709684	-0.992050065984186	2.4341013321586	0
10813.378064582	-0.992991966905965	2.43851340190135	0
10823.969032324	-0.993935138789703	2.44291772147174	0
10834.560000066	-0.994877200444427	2.447314270921	0
10845.150967808	-0.995816655446444	2.45170231722478	0
10855.74193555	-0.996752024120202	2.45608237296226	0
10866.332903292001	-0.997685453054491	2.46045583617197	0
10876.923871034	-0.998618149744109	2.46481859949234	0
10887.514838776	-0.999546643194778	2.46916841639145	0
10898.105806518	-1.00046659019008	2.47350725346682	0
10908.69677426	-1.0013771773494	2.47783789574645	0
10919.287742002	-1.00227830922116	2.48216245333991	0
10929.878709744	-1.0031702824425	2.48648204179333	0
10940.469677486	-1.00405442809643	2.49079437221065	0
10951.060645228	-1.00492678484536	2.49509886839998	0
10961.65161297	-1.0057855942373	2.49940028584062	0
10972.242580712	-1.00663325673889	2.50370065490927	0
10982.833548454	-1.00747226217267	2.50800193150617	0
10993.424516196	-1.00830437103387	2.51230003453054	0
11004.015483938	-1.00912675391775	2.51659589162564	0
11014.60645168	-1.00993739529883	2.52089038300927	0
11025.197419422	-1.01073729376798	2.52518585361582	0
11035.788387164	-1.01106749311642	2.52697700027454	0
11046.379354906001	-1.01106749311642	2.52697700027454	0
11056.970322648	-1.01106749311642	2.52697700027454	0
11067.56129039	-1.01106749311642	2.52697700027454	0
11078.152258132	-1.01106749311642	2.52697700027454	0
11088.743225874001	-1.01106749311642	2.52697700027454	0
11099.334193616	-1.01106749311642	2.52697700027454	0
11109.925161358	-1.01106749311642	2.52697700027454	0
11120.5161291	-1.01106749311642	2.52697700027454	0
11131.107096842	-1.01106749311642	2.52697700027454	0
11141.698064584	-1.01106749311642	2.52697700027454	0
11152.289032326	-1.01106749311642	2.52697700027454	0
11162.880000068	-1.01106749311642	2.52697700027454	0
11173.47096781	-1.01106749311642	2.52697700027454	0
11184.061935552	-1.01106749311642	2.52697700027454	0
11194.652903294	-1.01106749311642	2.52697700027454	0
11205.243871036	-1.01106749311642	2.52697700027454	0
11215.834838778	-1.01106749311642	2.52697700027454	0
11226.42580652	-1.01106749311642	2.52697700027454	0
11237.016774262	-1.01106749311642	2.52697700027454	0
11247.607742004	-1.01106749311642	2.52697700027454	0
11258.198709746	-1.01106749311642	2.52697700027454	0
11268.789677488001	-1.01106749311642	2.52697700027454	0
11279.38064523	-1.01106749311642	2.52697700027454	0
11289.971612972	-1.01106749311642	2.52697700027454	0
11300.562580714	-1.01106749311642	2.52697700027454	0
11311.153548456	-1.01106749311642	2.52697700027454	0
11321.744516198	-1.01106749311642	2.52697700027454	0
11332.33548394	-1.01106749311642	2.52697700027454	0
11342.926451682	-1.01106749311642	2.52697700027454	0
11353.517419424	-1.01106749311642	2.52697700027454	0
11364.108387166	-1.01106749311642	2.52697700027454	0
11374.699354908	-1.01106749311642	2.52697700027454	0
11385.29032265	-1.01106749311642	2.52697700027454	0
11395.881290392	-1.01106749311642	2.52697700027454	0
11406.472258134	-1.01106749311642	2.52697700027454	0
11417.063225876	-1.01106749311642	2.52697700027454	0
11427.654193618	-1.01106749311642	2.52697700027454	0
11438.24516136	-1.01106749311642	2.52697700027454	0
11448.836129102001	-1.01106749311642	2.52697700027454	0
11459.427096844	-1.01106749311642	2.52697700027454	0
11470.018064586	-1.01106749311642	2.52697700027454	0
11480.609032328	-1.01106749311642	2.52697700027454	0
11491.20000007	-1.01106749311642	2.52697700027454	0
11501.790967812	-1.01106749311642	2.52697700027454	0
11512.381935554	-1.01106749311642	2.52697700027454	0
11522.972903296	-1.01106749311642	2.52697700027454	0
11533.563871038	-1.01106749311642	2.52697700027454	0
11544.15483878	-1.01106749311642	2.52697700027454	0
11554.745806522	-1.01106749311642	2.52697700027454	0
11565.336774264	-1.01106749311642	2.52697700027454	0
11575.927742006	-1.01106749311642	2.52697700027454	0
11586.518709748	-1.01106749311642	2.52697700027454	0
11597.10967749	-1.08773740786395	3.02856735414469	0
11607.700645232	-1.08773740786395	3.02856735414469	0
11618.291612974	-1.08773740786395	3.02856735414469	0
11628.882580716001	-1.08773740786395	3.02856735414469	0
11639.473548458	-1.08773740786395	3.02856735414469	0
11650.0645162	-1.08773740786395	3.02856735414469	0
11660.655483942	-1.08773740786395	3.02856735414469	0
11671.246451684001	-1.08773740786395	3.02856735414469	0
11681.837419426	-1.08773740786395	3.02856735414469	0
11692.428387168	-1.08773740786395	3.02856735414469	0
11703.01935491	-1.08773740786395	3.02856735414469	0
11713.610322652	-1.08773740786395	3.02856735414469	0
11724.201290394	-1.08773740786395	3.02856735414469	0
11734.792258136	-1.08773740786395	3.02856735414469	0
11745.383225878	-1.08773740786395	3.02856735414469	0
11755.97419362	-1.08773740786395	3.02856735414469	0
11766.565161362	-1.08773740786395	3.02856735414469	0
11777.156129104	-1.08773740786395	3.02856735414469	0
11787.747096846	-1.08773740786395	3.02856735414469	0
11798.338064588	-1.08773740786395	3.02856735414469	0
11808.92903233	-1.08773740786395	3.02856735414469	0
11819.520000072	-1.08773740786395	3.02856735414469	0
11830.110967814	-1.08773740786395	3.02856735414469	0
11840.701935556	-1.08773740786395	3.02856735414469	0
11851.292903298001	-1.08773740786395	3.02856735414469	0
11861.88387104	-1.08773740786395	3.02856735414469	0
11872.474838782	-1.08773740786395	3.02856735414469	0
11883.065806524	-1.08773740786395	3.02856735414469	0
11893.656774266	-1.08773740786395	3.02856735414469	0
11904.247742008	-1.08773740786395	3.02856735414469	0
11914.83870975	-1.08773740786395	3.02856735414469	0
11925.429677492	-1.08773740786395	3.02856735414469	0
11936.020645234	-1.08773740786395	3.02856735414469	0
11946.611612976	-1.08773740786395	3.02856735414469	0
11957.202580718	-1.08773740786395	3.02856735414469	0
11967.79354846	-1.08773740786395	3.02856735414469	0
11978.384516202	-1.08773740786395	3.02856735414469	0
11988.975483944	-1.08773740786395	3.02856735414469	0
11999.566451686	-1.08773740786395	3.02856735414469	0
12010.157419428	-1.08773740786395	3.02856735414469	0
12020.74838717	-1.08773740786395	3.02856735414469	0
12031.339354912001	-1.08773740786395	3.02856735414469	0
12041.930322654	-1.08773740786395	3.02856735414469	0
12052.521290396	-1.08773740786395	3.02856735414469	0
12063.112258138	-1.08773740786395	3.02856735414469	0
12073.70322588	-1.08773740786395	3.02856735414469	0
12084.294193622	-1.08773740786395	3.02856735414469	0
12094.885161364	-1.08773740786395	3.02856735414469	0
12105.476129106	-1.08773740786395	3.02856735414469	0
12116.067096848	-1.08773740786395	3.02856735414469	0
12126.65806459	-1.08773740786395	3.02856735414469	0
12137.249032332	-1.08773740786395	3.02856735414469	0
12147.840000074	-1.08773740786395	3.02856735414469	0
12158.430967816	-1.08808057230541	3.0305930426786	0
12169.021935558	-1.0888985875762	3.03544983795746	0
12179.6129033	-1.08971196902751	3.04029968843374	0
12190.203871042	-1.09052013383123	3.04514519657342	0
12200.794838784	-1.09132453838887	3.04998695061223	0
12211.385806526001	-1.0921225688095	3.05482383898547	0
12221.976774268	-1.09291538610022	3.05965737658836	0
12232.56774201	-1.09370232176779	3.06448614746443	0
12243.158709752	-1.09448209420396	3.06931193555975	0
12253.749677494001	-1.09525537709785	3.07413508374416	0
12264.340645236	-1.09602152563276	3.07895494024491	0
12274.931612978	-1.09677878240286	3.08377310730178	0
12285.52258072	-1.09752595456268	3.08859383666511	0
12296.113548462	-1.09826711117168	3.09342019522707	0
12306.704516204	-1.09900705136973	3.09825239342079	0
12317.295483946	-1.0997442795188	3.10308536179535	0
12327.886451688	-1.10047966324594	3.10791968106799	0
12338.47741943	-1.10121434128491	3.11275404062493	0
12349.068387172	-1.10194676361305	3.11758716722645	0
12359.659354914	-1.10267550903774	3.12241630726783	0
12370.250322656	-1.10339604280947	3.12724485589661	0
12380.841290398	-1.10410855335826	3.13207679961868	0
12391.43225814	-1.10481378563132	3.13691106114531	0
12402.023225882	-1.10551121684761	3.14175031980984	0
12412.614193624	-1.10620159431512	3.14659767026806	0
12423.205161366	-1.10688924387883	3.15145374437122	0
12433.796129108001	-1.10757748560132	3.15631661557489	0
12444.38709685	-1.10826856793194	3.16118429749615	0
12454.978064592	-1.10896351910949	3.16604972470192	0
12465.569032334	-1.10965186277879	3.17091352760513	0
12476.160000076	-1.11033368128898	3.17577895609701	0
12486.750967818	-1.11101124173851	3.18065011417511	0
12497.34193556	-1.11168950213962	3.18552670479576	0
12507.932903302	-1.11236445504855	3.19040591691374	0
12518.523871044	-1.1130374495224	3.19528924428543	0
12529.114838786	-1.11370876652683	3.20017838292645	0
12539.705806528	-1.11438027997704	3.20507238030955	0
12550.29677427	-1.11505010533832	3.20996706890408	0
12560.887742012	-1.11571709878271	3.21486393411622	0
12571.478709754	-1.11638242164634	3.21976438162435	0
12582.069677496	-1.11704365490209	3.22466779602853	0
12592.660645238	-1.11770148925895	3.22957572160523	0
12603.25161298	-1.11835663219097	3.23448786551315	0
12613.842580722001	-1.11900934606454	3.23940601010312	0
12624.433548464	-1.11966079220466	3.2443294292648	0
12635.024516206	-1.12031137125687	3.24925813271879	0
12645.615483948	-1.12096150574871	3.25419179285055	0
12656.20645169	-1.121610413851	3.25913032716297	0
12666.797419432	-1.12225846722982	3.26407313815812	0
12677.388387174	-1.12290394178097	3.26901889440019	0
12687.979354916	-1.12354705226252	3.27396907905779	0
12698.570322658	-1.12418858624971	3.27892486768803	0
12709.1612904	-1.1248271409928	3.28388573490739	0
12719.752258142	-1.12546439993315	3.28885567581705	0
12730.343225884	-1.12610527535776	3.2938328936369	0
12740.934193626	-1.1267505679832	3.29880970018085	0
12751.525161368	-1.12739607185568	3.30378201660969	0
12762.11612911	-1.12803979534227	3.30875504210033	0
12772.707096852	-1.12868301678847	3.3137299039048	0
12783.298064594	-1.12932819581014	3.31870501995145	0
12793.889032336001	-1.12997292265957	3.32368052240467	0
12804.480000078	-1.1306153079658	3.32865809153338	0
12815.07096782	-1.13125687065977	3.33363779663085	0
12825.661935562	-1.13189620166092	3.33862048956566	0
12836.252903304001	-1.13253630506819	3.34360779406996	0
12846.843871046	-1.13317844095054	3.34859692557569	0
12857.434838788	-1.13382021281739	3.35358447335072	0
12868.02580653	-1.13446138991657	3.35857217345493	0
12878.616774272	-1.13510159856343	3.36355971637651	0
12889.207742014	-1.13574288610405	3.36854851217753	0
12899.798709756	-1.13638433084738	3.3735334528321	0
12910.389677498	-1.13702402214986	3.37851920620765	0
12920.98064524	-1.13766238135462	3.38350275704792	0
12931.571612982	-1.13829995616536	3.38848734205387	0
12942.162580724	-1.13893891649731	3.39347121866513	0
12952.753548466	-1.13957929596623	3.39845172102322	0
12963.344516208	-1.14021944518485	3.40342922810072	0
12973.93548395	-1.14086099343909	3.40840244692179	0
12984.526451692	-1.14150133785892	3.41337040994573	0
12995.117419434	-1.14213971468866	3.41833327046836	0
13005.708387176	-1.14277444580174	3.4232918139245	0
13016.299354918001	-1.1434040457602	3.42824689198465	0
13026.89032266	-1.14402807888778	3.43319837269796	0
13037.481290402	-1.14464688574029	3.4381483341581	0
13048.072258144	-1.14525974326663	3.44309553534148	0
13058.663225886	-1.14586521165605	3.44804206356201	0
13069.254193628	-1.1464629145434	3.45298746360072	0
13079.84516137	-1.14705348832926	3.45793374395911	0
13090.436129112	-1.14763832629622	3.46288046504871	0
13101.027096854	-1.14821655872209	3.4678249068891	0
